3 15 25
<<<<<<< Updated upstream
2 2 2 2 2 2 2 2 2 2 2 2 2 2 2 2 2 2 2 2 2 2 2 2 2
2 0 0 0 0 0 0 0 0 0 0 0 0 0 0 0 0 0 0 0 0 0 0 0 2
2 0 2 0 2 0 2 0 2 0 2 0 2 6 2 3 2 0 2 3 2 7 2 0 2
2 0 3 3 3 3 3 3 3 3 3 0 0 0 3 3 3 3 3 3 3 0 0 0 2
2 0 2 3 2 0 2 0 2 0 2 0 2 0 2 0 2 3 2 0 2 0 2 0 2
2 0 0 0 0 0 0 0 0 0 0 0 0 0 0 0 0 3 0 0 0 0 0 0 2
2 0 2 3 2 0 2 0 2 0 2 0 2 0 2 0 2 3 2 0 2 0 2 0 2
2 0 0 0 3 3 3 3 0 0 0 0 0 0 0 0 0 0 0 0 0 0 0 0 2
2 0 2 0 2 0 2 3 2 0 2 0 2 0 2 0 2 3 2 0 2 0 2 0 2
2 0 0 0 0 0 0 0 0 0 0 0 0 0 0 0 0 3 0 0 0 0 0 0 2
2 0 2 0 2 0 2 3 2 3 2 0 2 0 2 0 2 3 2 0 2 0 2 0 2
2 0 3 3 3 3 3 3 3 3 3 0 0 0 0 0 0 0 0 0 0 0 0 0 2
2 0 2 0 2 0 2 0 2 0 2 0 2 0 2 0 2 7 2 0 2 0 2 0 2
2 0 0 0 0 0 0 0 0 0 0 0 0 0 0 0 0 0 0 0 0 0 0 0 2
2 2 2 2 2 2 2 2 2 2 2 2 2 2 2 2 2 2 2 2 2 2 2 2 2
=======
02 02 02 02 02 02 02 02 02 02 02 02 02 02 02 02 02 02 02 02 02 02 02 02 02
02 00 00 00 00 00 00 00 00 11 00 00 00 00 00 00 00 00 00 00 08 00 00 00 02
02 00 02 00 00 00 02 00 02 00 02 00 02 06 02 03 02 00 02 03 02 07 02 00 02
02 00 03 03 03 03 03 03 03 03 03 00 00 00 03 03 03 03 03 03 03 00 00 00 02
02 00 02 03 02 00 02 00 02 00 02 00 02 00 02 00 02 03 02 00 02 00 02 00 02
02 00 00 03 00 00 00 14 00 00 00 00 00 00 00 12 00 03 00 00 00 00 00 00 02
02 09 02 03 02 00 02 00 02 00 02 00 02 00 02 00 02 03 02 00 02 09 02 00 02
02 00 00 00 03 03 03 03 03 03 00 00 00 11 00 00 00 00 00 00 00 00 00 00 02
02 00 02 00 02 00 02 03 06 00 02 00 02 00 02 00 02 03 02 00 02 00 02 00 02
02 00 00 00 00 11 00 00 02 00 00 00 00 00 00 00 00 03 00 00 00 00 00 09 02
02 00 02 00 02 00 02 03 02 03 02 00 02 00 02 00 02 03 02 00 02 00 02 00 02
02 00 03 03 03 03 03 03 03 03 03 00 00 00 00 00 00 00 00 00 00 00 00 00 02
02 00 02 06 02 00 02 00 02 00 02 00 02 00 02 00 02 07 02 00 02 00 02 00 02
02 00 00 00 00 00 00 00 00 00 15 00 00 08 00 00 00 00 00 00 00 00 00 00 02
02 02 02 02 02 02 02 02 02 02 02 02 02 02 02 02 02 02 02 02 02 02 02 02 02
>>>>>>> Stashed changes
