1 15 25
<<<<<<< Updated upstream
2 2 2 2 2 2 2 2 2 2 2 2 2 2 2 2 2 2 2 2 2 2 2 2 2
2 0 0 0 3 0 0 0 0 0 6 0 0 0 3 0 0 0 3 0 0 0 0 0 2
2 0 2 3 2 3 2 0 2 3 2 3 2 0 2 0 0 0 2 0 2 3 2 3 2
2 0 3 0 0 0 3 0 3 0 0 0 3 0 3 3 0 0 3 0 3 0 0 0 2
2 0 2 0 0 0 2 0 2 0 0 0 2 0 2 3 2 0 2 0 2 0 0 0 2
2 0 3 0 0 0 3 0 3 0 0 0 3 0 3 0 3 0 3 0 3 0 0 0 2
2 0 2 0 0 3 2 0 2 0 0 0 2 0 2 0 2 0 2 0 2 0 0 0 2
2 0 0 3 3 0 0 0 3 0 0 0 3 0 3 0 3 0 3 0 0 0 0 0 2
2 0 2 0 0 3 2 0 2 0 0 0 2 0 2 0 2 0 2 0 2 3 2 3 2
2 0 3 0 0 0 3 0 0 0 0 0 3 0 0 0 3 0 0 0 3 0 0 0 2
2 0 2 0 0 0 2 0 2 0 0 0 2 0 2 0 2 3 2 0 2 0 0 0 2
2 0 3 0 0 0 3 0 7 0 0 0 3 0 3 0 0 3 3 0 3 0 0 0 2
2 0 2 3 2 3 2 0 2 3 2 3 2 0 2 0 0 0 2 0 2 3 2 3 2
2 0 0 0 3 0 0 0 0 0 3 0 0 0 3 0 0 0 3 0 0 0 0 0 2
2 2 2 2 2 2 2 2 2 2 2 2 2 2 2 2 2 2 2 2 2 2 2 2 2
=======
02 02 02 02 02 02 02 02 02 02 02 02 02 02 02 02 02 02 02 02 02 02 02 02 02
02 00 00 00 03 00 00 00 00 12 03 00 00 00 03 00 00 00 03 00 00 00 00 00 02
02 00 02 00 03 00 02 00 02 03 02 03 02 03 02 00 00 00 02 00 02 03 02 03 02
02 00 03 00 00 00 03 00 03 00 00 00 03 00 00 03 00 00 08 00 03 00 00 00 02
02 00 02 00 08 00 02 00 02 00 12 00 02 00 02 03 02 00 02 00 02 00 00 00 02
02 00 03 00 00 00 03 00 03 00 00 00 03 00 03 00 03 00 03 00 02 00 02 00 02
02 00 02 00 00 03 02 00 02 00 00 00 02 00 02 00 02 00 02 00 02 08 00 00 02
02 00 00 03 02 03 00 00 02 03 03 00 07 00 03 00 03 00 03 00 00 00 00 00 02
02 00 02 00 00 03 02 00 02 00 00 12 02 00 02 00 02 00 02 00 02 03 02 03 02
02 00 03 00 10 00 03 00 00 00 00 00 03 00 00 00 03 00 00 00 03 00 00 00 02
02 00 02 00 00 02 00 00 02 00 08 00 02 00 02 00 02 03 02 00 02 00 00 00 02
02 00 03 00 00 00 03 00 03 00 00 00 03 00 03 00 00 03 03 00 03 00 00 00 02
02 00 02 06 02 00 07 00 02 03 02 03 02 00 02 00 00 00 02 00 02 03 02 03 02
02 00 00 00 03 00 00 00 11 00 03 00 00 00 03 00 00 00 03 00 00 00 00 00 02
02 02 02 02 02 02 02 02 02 02 02 02 02 02 02 02 02 02 02 02 02 02 02 02 02
>>>>>>> Stashed changes
